image: ~/ROS1/robot1/src/robot1_nav/map/map.pgm
resolution: 0.050000
origin: [-32.400000, -82.000000, 0.000000]
negate: 0
occupied_thresh: 0.65
free_thresh: 0.196

