image: /home/duc/ROS1/robot1/src/robot1_nav/map/map6.pgm
resolution: 0.050000
origin: [-100.000000, -100.000000, 0.000000]
negate: 0
occupied_thresh: 0.65
free_thresh: 0.196

